Pixels #,Intensity (a.u.)
0.00000e+00,3.52858e-03
1.00000e+00,2.81215e-03
2.00000e+00,1.19223e-03
3.00000e+00,1.56195e-03
4.00000e+00,4.11763e-04
5.00000e+00,1.65713e-03
6.00000e+00,9.09520e-04
7.00000e+00,7.90481e-04
8.00000e+00,1.64184e-03
9.00000e+00,2.28285e-03
1.00000e+01,2.52094e-03
1.10000e+01,1.38559e-03
1.20000e+01,5.24770e-04
1.30000e+01,4.02338e-04
1.40000e+01,7.71104e-04
1.50000e+01,1.99786e-04
1.60000e+01,6.75103e-04
1.70000e+01,2.29449e-03
1.80000e+01,2.00019e-03
1.90000e+01,2.73107e-03
2.00000e+01,1.20024e-03
2.10000e+01,2.39770e-04
2.20000e+01,0.00000e+00
2.30000e+01,0.00000e+00
2.40000e+01,1.43091e-03
2.50000e+01,1.56063e-03
2.60000e+01,1.75788e-03
2.70000e+01,2.39443e-03
2.80000e+01,2.37151e-03
2.90000e+01,4.27088e-03
3.00000e+01,3.67964e-03
3.10000e+01,3.22847e-03
3.20000e+01,3.26526e-03
3.30000e+01,3.30309e-03
3.40000e+01,2.52978e-03
3.50000e+01,2.46446e-03
3.60000e+01,2.98657e-03
3.70000e+01,1.14176e-03
3.80000e+01,1.10871e-03
3.90000e+01,2.56134e-03
4.00000e+01,3.28980e-03
4.10000e+01,3.04072e-03
4.20000e+01,1.26804e-03
4.30000e+01,1.26821e-03
4.40000e+01,1.97355e-03
4.50000e+01,1.27890e-03
4.60000e+01,5.90082e-04
4.70000e+01,2.63098e-03
4.80000e+01,2.50565e-03
4.90000e+01,3.63910e-03
5.00000e+01,2.61590e-03
5.10000e+01,2.16689e-03
5.20000e+01,4.45214e-04
5.30000e+01,8.38011e-04
5.40000e+01,3.32803e-04
5.50000e+01,9.00664e-04
5.60000e+01,8.46823e-04
5.70000e+01,1.82152e-03
5.80000e+01,2.10839e-03
5.90000e+01,2.97477e-03
6.00000e+01,3.25180e-03
6.10000e+01,3.14395e-03
6.20000e+01,1.77535e-03
6.30000e+01,0.00000e+00
6.40000e+01,1.57168e-04
6.50000e+01,8.38673e-04
6.60000e+01,6.82142e-04
6.70000e+01,2.57941e-04
6.80000e+01,0.00000e+00
6.90000e+01,1.12612e-03
7.00000e+01,6.36894e-04
7.10000e+01,3.89723e-03
7.20000e+01,4.20346e-03
7.30000e+01,4.99465e-03
7.40000e+01,3.96655e-03
7.50000e+01,3.84748e-03
7.60000e+01,4.48485e-03
7.70000e+01,3.01912e-03
7.80000e+01,2.46240e-03
7.90000e+01,1.36204e-03
8.00000e+01,3.90814e-03
8.10000e+01,4.83961e-03
8.20000e+01,4.66912e-03
8.30000e+01,5.11789e-03
8.40000e+01,4.32122e-03
8.50000e+01,5.46825e-03
8.60000e+01,5.67198e-03
8.70000e+01,6.17142e-03
8.80000e+01,7.17107e-03
8.90000e+01,4.48694e-03
9.00000e+01,4.51578e-03
9.10000e+01,5.45983e-03
9.20000e+01,6.47371e-03
9.30000e+01,4.17604e-03
9.40000e+01,2.88512e-03
9.50000e+01,3.82166e-03
9.60000e+01,4.52284e-03
9.70000e+01,4.01395e-03
9.80000e+01,3.22905e-03
9.90000e+01,3.51102e-03
1.00000e+02,3.16226e-03
1.01000e+02,2.40465e-03
1.02000e+02,3.15363e-03
1.03000e+02,3.32440e-03
1.04000e+02,3.94698e-03
1.05000e+02,6.55595e-03
1.06000e+02,6.08768e-03
1.07000e+02,4.45934e-03
1.08000e+02,3.15105e-03
1.09000e+02,2.15976e-03
1.10000e+02,2.27587e-03
1.11000e+02,4.05787e-03
1.12000e+02,4.95445e-03
1.13000e+02,4.09281e-03
1.14000e+02,4.11287e-03
1.15000e+02,3.38504e-03
1.16000e+02,4.02724e-03
1.17000e+02,3.20128e-03
1.18000e+02,3.58052e-03
1.19000e+02,3.87399e-03
1.20000e+02,4.92688e-03
1.21000e+02,3.40348e-03
1.22000e+02,2.50517e-03
1.23000e+02,1.96362e-03
1.24000e+02,2.61496e-03
1.25000e+02,3.49773e-03
1.26000e+02,5.40560e-03
1.27000e+02,3.94981e-03
1.28000e+02,4.46171e-03
1.29000e+02,4.86291e-03
1.30000e+02,3.62170e-03
1.31000e+02,2.03224e-03
1.32000e+02,0.00000e+00
1.33000e+02,0.00000e+00
1.34000e+02,0.00000e+00
1.35000e+02,5.12703e-04
1.36000e+02,0.00000e+00
1.37000e+02,6.50034e-04
1.38000e+02,3.49111e-03
1.39000e+02,3.55734e-03
1.40000e+02,5.52126e-03
1.41000e+02,4.00588e-03
1.42000e+02,4.03689e-03
1.43000e+02,3.69853e-03
1.44000e+02,4.10419e-03
1.45000e+02,5.08695e-03
1.46000e+02,4.83801e-03
1.47000e+02,4.58747e-03
1.48000e+02,3.91080e-03
1.49000e+02,3.28744e-03
1.50000e+02,4.00792e-03
1.51000e+02,2.84835e-03
1.52000e+02,1.94324e-03
1.53000e+02,2.24938e-03
1.54000e+02,8.64130e-04
1.55000e+02,1.14283e-03
1.56000e+02,1.06446e-03
1.57000e+02,2.53597e-03
1.58000e+02,2.46700e-03
1.59000e+02,1.99383e-03
1.60000e+02,3.01495e-04
1.61000e+02,1.56069e-04
1.62000e+02,1.39620e-03
1.63000e+02,3.47965e-03
1.64000e+02,3.04291e-03
1.65000e+02,1.22930e-03
1.66000e+02,1.06426e-03
1.67000e+02,3.14587e-03
1.68000e+02,2.08762e-03
1.69000e+02,3.73985e-03
1.70000e+02,1.90594e-03
1.71000e+02,2.49134e-03
1.72000e+02,1.45658e-03
1.73000e+02,2.34861e-03
1.74000e+02,2.11632e-03
1.75000e+02,1.89894e-03
1.76000e+02,8.18126e-04
1.77000e+02,0.00000e+00
1.78000e+02,8.39246e-05
1.79000e+02,1.05859e-03
1.80000e+02,1.33199e-03
1.81000e+02,8.33739e-04
1.82000e+02,2.95802e-04
1.83000e+02,8.77736e-05
1.84000e+02,6.40657e-04
1.85000e+02,9.22936e-04
1.86000e+02,1.53052e-03
1.87000e+02,2.09399e-03
1.88000e+02,3.29978e-03
1.89000e+02,3.79015e-03
1.90000e+02,2.71456e-03
1.91000e+02,2.63685e-03
1.92000e+02,2.17195e-03
1.93000e+02,3.09448e-03
1.94000e+02,1.90783e-03
1.95000e+02,1.66219e-03
1.96000e+02,3.42087e-03
1.97000e+02,2.95010e-03
1.98000e+02,1.01723e-03
1.99000e+02,7.15685e-04
2.00000e+02,5.15497e-04
2.01000e+02,0.00000e+00
2.02000e+02,1.00535e-03
2.03000e+02,1.92398e-03
2.04000e+02,2.21256e-03
2.05000e+02,2.74119e-03
2.06000e+02,1.75133e-03
2.07000e+02,2.45309e-03
2.08000e+02,0.00000e+00
2.09000e+02,4.04364e-04
2.10000e+02,4.10849e-04
2.11000e+02,1.16998e-03
2.12000e+02,1.44019e-03
2.13000e+02,3.72884e-03
2.14000e+02,3.56840e-03
2.15000e+02,4.05118e-03
2.16000e+02,4.02368e-03
2.17000e+02,4.61335e-03
2.18000e+02,3.00405e-03
2.19000e+02,1.04528e-03
2.20000e+02,1.48373e-03
2.21000e+02,2.86982e-03
2.22000e+02,2.42346e-03
2.23000e+02,1.81099e-03
2.24000e+02,2.53708e-03
2.25000e+02,3.88485e-03
2.26000e+02,3.87091e-03
2.27000e+02,6.65781e-03
2.28000e+02,5.27841e-03
2.29000e+02,5.11304e-03
2.30000e+02,2.36519e-03
2.31000e+02,2.66858e-03
2.32000e+02,5.08939e-03
2.33000e+02,4.83951e-03
2.34000e+02,6.71039e-03
2.35000e+02,5.46812e-03
2.36000e+02,4.76614e-03
2.37000e+02,5.19950e-03
2.38000e+02,4.44587e-03
2.39000e+02,6.27127e-03
2.40000e+02,7.87076e-03
2.41000e+02,9.42183e-03
2.42000e+02,9.90394e-03
2.43000e+02,8.50912e-03
2.44000e+02,8.83249e-03
2.45000e+02,7.59714e-03
2.46000e+02,1.03883e-02
2.47000e+02,1.22378e-02
2.48000e+02,1.28313e-02
2.49000e+02,1.03441e-02
2.50000e+02,1.09373e-02
2.51000e+02,1.35546e-02
2.52000e+02,1.36334e-02
2.53000e+02,1.39113e-02
2.54000e+02,1.36406e-02
2.55000e+02,1.45275e-02
2.56000e+02,1.29341e-02
2.57000e+02,1.22725e-02
2.58000e+02,1.22741e-02
2.59000e+02,1.11323e-02
2.60000e+02,1.24544e-02
2.61000e+02,1.19495e-02
2.62000e+02,1.41254e-02
2.63000e+02,1.21794e-02
2.64000e+02,1.35765e-02
2.65000e+02,1.22282e-02
2.66000e+02,1.33593e-02
2.67000e+02,1.34786e-02
2.68000e+02,1.37366e-02
2.69000e+02,1.33888e-02
2.70000e+02,1.32744e-02
2.71000e+02,1.31340e-02
2.72000e+02,1.22292e-02
2.73000e+02,1.43991e-02
2.74000e+02,1.13490e-02
2.75000e+02,1.23962e-02
2.76000e+02,1.06618e-02
2.77000e+02,1.17155e-02
2.78000e+02,1.17119e-02
2.79000e+02,1.10813e-02
2.80000e+02,1.30801e-02
2.81000e+02,1.21326e-02
2.82000e+02,1.31277e-02
2.83000e+02,1.14604e-02
2.84000e+02,1.10401e-02
2.85000e+02,1.16713e-02
2.86000e+02,1.28659e-02
2.87000e+02,1.23594e-02
2.88000e+02,9.69709e-03
2.89000e+02,9.69786e-03
2.90000e+02,1.05459e-02
2.91000e+02,1.36480e-02
2.92000e+02,1.49668e-02
2.93000e+02,1.45784e-02
2.94000e+02,1.32887e-02
2.95000e+02,1.25808e-02
2.96000e+02,1.08403e-02
2.97000e+02,1.08077e-02
2.98000e+02,1.10457e-02
2.99000e+02,1.04097e-02
3.00000e+02,1.01085e-02
3.01000e+02,1.10757e-02
3.02000e+02,1.03146e-02
3.03000e+02,8.96949e-03
3.04000e+02,9.86647e-03
3.05000e+02,1.08204e-02
3.06000e+02,1.03908e-02
3.07000e+02,1.05980e-02
3.08000e+02,8.64659e-03
3.09000e+02,8.65947e-03
3.10000e+02,9.45563e-03
3.11000e+02,8.53259e-03
3.12000e+02,8.72546e-03
3.13000e+02,7.62028e-03
3.14000e+02,8.08877e-03
3.15000e+02,7.32023e-03
3.16000e+02,6.49570e-03
3.17000e+02,5.74946e-03
3.18000e+02,6.58298e-03
3.19000e+02,6.40527e-03
3.20000e+02,5.72599e-03
3.21000e+02,6.10764e-03
3.22000e+02,5.24917e-03
3.23000e+02,5.80561e-03
3.24000e+02,4.75570e-03
3.25000e+02,4.16547e-03
3.26000e+02,5.49681e-03
3.27000e+02,7.01926e-03
3.28000e+02,7.26184e-03
3.29000e+02,6.39238e-03
3.30000e+02,4.40478e-03
3.31000e+02,5.07409e-03
3.32000e+02,4.03623e-03
3.33000e+02,3.27791e-03
3.34000e+02,2.63430e-03
3.35000e+02,4.79710e-03
3.36000e+02,7.37366e-03
3.37000e+02,7.06802e-03
3.38000e+02,5.72041e-03
3.39000e+02,5.48233e-03
3.40000e+02,2.44745e-03
3.41000e+02,1.68786e-03
3.42000e+02,3.30119e-03
3.43000e+02,4.96500e-03
3.44000e+02,3.14223e-03
3.45000e+02,3.08808e-03
3.46000e+02,2.16271e-03
3.47000e+02,4.07404e-03
3.48000e+02,4.16195e-03
3.49000e+02,4.26057e-03
3.50000e+02,4.73912e-03
3.51000e+02,3.75737e-03
3.52000e+02,5.48405e-03
3.53000e+02,6.08006e-03
3.54000e+02,5.43237e-03
3.55000e+02,4.60604e-03
3.56000e+02,3.30504e-03
3.57000e+02,4.04306e-03
3.58000e+02,5.74472e-03
3.59000e+02,4.86895e-03
3.60000e+02,6.11245e-03
3.61000e+02,5.62687e-03
3.62000e+02,5.77429e-03
3.63000e+02,4.68698e-03
3.64000e+02,5.61510e-03
3.65000e+02,5.40000e-03
3.66000e+02,4.64592e-03
3.67000e+02,4.64986e-03
3.68000e+02,5.24701e-03
3.69000e+02,5.56451e-03
3.70000e+02,6.53316e-03
3.71000e+02,6.78878e-03
3.72000e+02,6.51140e-03
3.73000e+02,3.93402e-03
3.74000e+02,3.24978e-03
3.75000e+02,2.35292e-03
3.76000e+02,1.50588e-03
3.77000e+02,5.08493e-03
3.78000e+02,5.29269e-03
3.79000e+02,7.07922e-03
3.80000e+02,5.41209e-03
3.81000e+02,6.10795e-03
3.82000e+02,3.79866e-03
3.83000e+02,2.73231e-03
3.84000e+02,2.13470e-03
3.85000e+02,2.94687e-03
3.86000e+02,6.26843e-03
3.87000e+02,4.90930e-03
3.88000e+02,3.00161e-03
3.89000e+02,2.13120e-06
3.90000e+02,2.71019e-03
3.91000e+02,2.62046e-03
3.92000e+02,3.33399e-03
3.93000e+02,1.91805e-03
3.94000e+02,1.57700e-03
3.95000e+02,1.15726e-03
3.96000e+02,1.51637e-03
3.97000e+02,8.01857e-04
3.98000e+02,7.28833e-04
3.99000e+02,1.95952e-03
4.00000e+02,1.97312e-03
4.01000e+02,2.75023e-03
4.02000e+02,2.58488e-03
4.03000e+02,3.71403e-03
4.04000e+02,2.51518e-03
4.05000e+02,1.57625e-03
4.06000e+02,1.15967e-03
4.07000e+02,2.22370e-03
4.08000e+02,3.30347e-03
4.09000e+02,3.85878e-03
4.10000e+02,3.44403e-03
4.11000e+02,2.35913e-03
4.12000e+02,5.13138e-03
4.13000e+02,3.73833e-03
4.14000e+02,3.21241e-03
4.15000e+02,1.02365e-03
4.16000e+02,0.00000e+00
4.17000e+02,6.66425e-04
4.18000e+02,1.00256e-03
4.19000e+02,2.40711e-03
4.20000e+02,6.04559e-04
4.21000e+02,3.73712e-03
4.22000e+02,2.09394e-03
4.23000e+02,2.16411e-03
4.24000e+02,1.06174e-03
4.25000e+02,9.94237e-04
4.26000e+02,1.40312e-03
4.27000e+02,5.48973e-03
4.28000e+02,4.85548e-03
4.29000e+02,4.22761e-03
4.30000e+02,2.30911e-03
4.31000e+02,2.91166e-03
4.32000e+02,3.33137e-03
4.33000e+02,4.97815e-03
4.34000e+02,5.32511e-03
4.35000e+02,5.46478e-03
4.36000e+02,2.81840e-03
4.37000e+02,2.19864e-03
4.38000e+02,7.00196e-04
4.39000e+02,3.91091e-03
4.40000e+02,4.66208e-03
4.41000e+02,1.86422e-03
4.42000e+02,0.00000e+00
4.43000e+02,0.00000e+00
4.44000e+02,1.06873e-03
4.45000e+02,3.09682e-03
4.46000e+02,3.70898e-03
4.47000e+02,3.32644e-03
4.48000e+02,3.26755e-03
4.49000e+02,2.51607e-03
4.50000e+02,1.92554e-03
4.51000e+02,1.86103e-03
4.52000e+02,4.39987e-03
4.53000e+02,4.04575e-03
4.54000e+02,3.66431e-03
4.55000e+02,3.61870e-03
4.56000e+02,5.24568e-03
4.57000e+02,4.30012e-03
4.58000e+02,4.06880e-03
4.59000e+02,2.46124e-03
4.60000e+02,4.82724e-03
4.61000e+02,2.99102e-03
4.62000e+02,4.05412e-03
4.63000e+02,2.95052e-03
4.64000e+02,2.88769e-03
4.65000e+02,2.07724e-03
4.66000e+02,9.83054e-04
4.67000e+02,1.20469e-03
4.68000e+02,4.09682e-03
4.69000e+02,4.73068e-03
4.70000e+02,4.74202e-03
4.71000e+02,2.65682e-03
4.72000e+02,1.93582e-03
4.73000e+02,3.42573e-03
4.74000e+02,2.18624e-03
4.75000e+02,3.32692e-03
4.76000e+02,9.87604e-04
4.77000e+02,3.15904e-03
4.78000e+02,2.20314e-03
4.79000e+02,2.51372e-03
4.80000e+02,1.48453e-03
4.81000e+02,3.11650e-03
4.82000e+02,4.96511e-03
4.83000e+02,4.51270e-03
4.84000e+02,3.44988e-03
4.85000e+02,2.19177e-03
4.86000e+02,1.66915e-03
4.87000e+02,3.92730e-04
4.88000e+02,2.21692e-03
4.89000e+02,2.54567e-03
4.90000e+02,2.55391e-03
4.91000e+02,9.53760e-04
4.92000e+02,5.95582e-04
4.93000e+02,1.69604e-03
4.94000e+02,2.33245e-03
4.95000e+02,1.89749e-03
4.96000e+02,2.78379e-03
4.97000e+02,3.46549e-03
4.98000e+02,3.23107e-03
4.99000e+02,2.39326e-03
5.00000e+02,2.48557e-03
5.01000e+02,1.47296e-03
5.02000e+02,2.91385e-03
5.03000e+02,2.19084e-03
5.04000e+02,1.65381e-03
5.05000e+02,0.00000e+00
5.06000e+02,8.75868e-04
5.07000e+02,1.16701e-03
5.08000e+02,1.13743e-03
5.09000e+02,2.02667e-04
5.10000e+02,3.47373e-04
5.11000e+02,2.04216e-03
5.12000e+02,4.84150e-03
5.13000e+02,5.14731e-03
5.14000e+02,4.99514e-03
5.15000e+02,3.76547e-03
5.16000e+02,2.73396e-03
5.17000e+02,1.97203e-03
5.18000e+02,2.35152e-03
5.19000e+02,3.20897e-03
5.20000e+02,4.52320e-03
5.21000e+02,5.30513e-03
5.22000e+02,4.64836e-03
5.23000e+02,3.99946e-03
5.24000e+02,5.04914e-03
5.25000e+02,5.17341e-03
5.26000e+02,4.54387e-03
5.27000e+02,4.16674e-03
5.28000e+02,3.79696e-03
5.29000e+02,1.72494e-03
5.30000e+02,0.00000e+00
5.31000e+02,1.34737e-03
5.32000e+02,2.22671e-03
5.33000e+02,5.64003e-03
5.34000e+02,6.52614e-03
5.35000e+02,4.99503e-03
5.36000e+02,3.34774e-03
5.37000e+02,2.55781e-03
5.38000e+02,3.41567e-03
5.39000e+02,2.80711e-03
5.40000e+02,1.31446e-03
5.41000e+02,6.64194e-04
5.42000e+02,2.37075e-03
5.43000e+02,3.83811e-03
5.44000e+02,7.11810e-03
5.45000e+02,5.72868e-03
5.46000e+02,4.46424e-03
5.47000e+02,1.77448e-03
5.48000e+02,2.33475e-03
5.49000e+02,1.06381e-03
5.50000e+02,3.58920e-03
5.51000e+02,4.52450e-03
5.52000e+02,3.81165e-03
5.53000e+02,3.07118e-03
5.54000e+02,4.38441e-04
5.55000e+02,1.98200e-04
5.56000e+02,2.30775e-03
5.57000e+02,3.86179e-03
5.58000e+02,3.80138e-03
5.59000e+02,2.98102e-03
5.60000e+02,2.79849e-03
5.61000e+02,3.03408e-03
5.62000e+02,5.45172e-03
5.63000e+02,2.68736e-03
5.64000e+02,2.10547e-03
5.65000e+02,3.10033e-03
5.66000e+02,2.96962e-03
5.67000e+02,2.97318e-03
5.68000e+02,7.64197e-04
5.69000e+02,2.74230e-03
5.70000e+02,3.02973e-03
5.71000e+02,3.38433e-03
5.72000e+02,3.90414e-03
5.73000e+02,4.04567e-03
5.74000e+02,5.48426e-03
5.75000e+02,3.99930e-03
5.76000e+02,3.56727e-03
5.77000e+02,2.70805e-03
5.78000e+02,1.98623e-03
5.79000e+02,1.70393e-03
5.80000e+02,3.48169e-03
5.81000e+02,3.05612e-03
5.82000e+02,3.87795e-03
5.83000e+02,3.61125e-03
5.84000e+02,3.46061e-03
5.85000e+02,1.63464e-03
5.86000e+02,1.81991e-03
5.87000e+02,1.73979e-03
5.88000e+02,1.51024e-03
5.89000e+02,2.87995e-03
5.90000e+02,1.31090e-03
5.91000e+02,3.03516e-04
5.92000e+02,1.04494e-03
5.93000e+02,1.95130e-03
5.94000e+02,3.14162e-03
5.95000e+02,3.01064e-03
5.96000e+02,3.51154e-03
5.97000e+02,4.17780e-03
5.98000e+02,3.39470e-03
5.99000e+02,2.33405e-03
6.00000e+02,1.91444e-03
6.01000e+02,3.06666e-03
6.02000e+02,6.94214e-04
6.03000e+02,1.37801e-03
6.04000e+02,1.28559e-03
6.05000e+02,1.53513e-03
6.06000e+02,5.15286e-04
6.07000e+02,2.37346e-03
6.08000e+02,1.29596e-03
6.09000e+02,2.78215e-03
6.10000e+02,3.81379e-03
6.11000e+02,4.60451e-03
6.12000e+02,2.71897e-03
6.13000e+02,7.75624e-04
6.14000e+02,0.00000e+00
6.15000e+02,2.07744e-03
6.16000e+02,1.33696e-03
6.17000e+02,2.33609e-03
6.18000e+02,1.05571e-03
6.19000e+02,1.47537e-03
6.20000e+02,1.39167e-03
6.21000e+02,1.27153e-03
6.22000e+02,3.12916e-03
6.23000e+02,1.71239e-03
6.24000e+02,3.57651e-03
6.25000e+02,3.64331e-03
6.26000e+02,2.41636e-03
6.27000e+02,2.00749e-03
6.28000e+02,1.15936e-03
6.29000e+02,2.16082e-03
6.30000e+02,2.88170e-03
6.31000e+02,3.88354e-03
6.32000e+02,2.41362e-03
6.33000e+02,1.54509e-03
6.34000e+02,2.34251e-04
6.35000e+02,0.00000e+00
6.36000e+02,1.65672e-03
6.37000e+02,2.28733e-03
6.38000e+02,4.10827e-03
6.39000e+02,2.27945e-03
6.40000e+02,1.86991e-03
6.41000e+02,7.89171e-04
6.42000e+02,1.24064e-03
6.43000e+02,7.40137e-04
6.44000e+02,1.00584e-03
6.45000e+02,1.16492e-03
6.46000e+02,2.88063e-03
6.47000e+02,1.92925e-03
6.48000e+02,1.33296e-03
6.49000e+02,1.56913e-03
6.50000e+02,3.29789e-03
6.51000e+02,3.64439e-03
6.52000e+02,3.30442e-03
6.53000e+02,1.84465e-03
6.54000e+02,2.77769e-03
6.55000e+02,2.25522e-03
6.56000e+02,4.11031e-03
6.57000e+02,2.89688e-03
6.58000e+02,3.21120e-03
6.59000e+02,1.87796e-03
6.60000e+02,2.99247e-03
6.61000e+02,3.01767e-03
6.62000e+02,2.55784e-03
6.63000e+02,1.80522e-03
6.64000e+02,6.07237e-04
6.65000e+02,3.67892e-03
6.66000e+02,2.15477e-03
6.67000e+02,3.37743e-03
6.68000e+02,2.88517e-03
6.69000e+02,3.24028e-03
6.70000e+02,4.86329e-03
6.71000e+02,3.32788e-03
6.72000e+02,2.51593e-03
6.73000e+02,9.74779e-04
6.74000e+02,2.75113e-03
6.75000e+02,2.84611e-03
6.76000e+02,2.78259e-03
6.77000e+02,2.69483e-03
6.78000e+02,6.63242e-04
6.79000e+02,5.84989e-04
6.80000e+02,1.10812e-03
6.81000e+02,4.23448e-03
6.82000e+02,3.95847e-03
6.83000e+02,4.23805e-03
6.84000e+02,3.77624e-03
6.85000e+02,3.38783e-03
6.86000e+02,3.92428e-03
6.87000e+02,2.54435e-03
6.88000e+02,1.32633e-03
6.89000e+02,0.00000e+00
6.90000e+02,2.77970e-03
6.91000e+02,1.80945e-03
6.92000e+02,4.69897e-04
6.93000e+02,1.98614e-04
6.94000e+02,5.40881e-04
6.95000e+02,1.81713e-03
6.96000e+02,3.60317e-03
6.97000e+02,4.21441e-03
6.98000e+02,3.76069e-03
6.99000e+02,2.95310e-03
7.00000e+02,2.16088e-03
7.01000e+02,2.40639e-03
7.02000e+02,1.22081e-03
7.03000e+02,2.62327e-03
7.04000e+02,3.96786e-03
7.05000e+02,4.51298e-03
7.06000e+02,4.46312e-03
7.07000e+02,5.23124e-03
7.08000e+02,5.71566e-03
7.09000e+02,5.47079e-03
7.10000e+02,3.63908e-03
7.11000e+02,2.03331e-03
7.12000e+02,4.42894e-04
7.13000e+02,0.00000e+00
7.14000e+02,5.85702e-04
7.15000e+02,4.83150e-04
7.16000e+02,2.33239e-03
7.17000e+02,2.53986e-03
7.18000e+02,3.33438e-04
7.19000e+02,2.47898e-03
7.20000e+02,9.13617e-04
7.21000e+02,6.78925e-04
7.22000e+02,0.00000e+00
7.23000e+02,8.55169e-04
7.24000e+02,1.90531e-03
7.25000e+02,2.57996e-03
7.26000e+02,2.95254e-03
7.27000e+02,3.17872e-03
7.28000e+02,3.09200e-03
7.29000e+02,2.25324e-03
7.30000e+02,2.41555e-03
7.31000e+02,1.82413e-03
7.32000e+02,1.12597e-03
7.33000e+02,2.91204e-03
7.34000e+02,2.57412e-03
7.35000e+02,3.38984e-03
7.36000e+02,2.49966e-03
7.37000e+02,2.88520e-03
7.38000e+02,2.07143e-03
7.39000e+02,2.46318e-03
7.40000e+02,1.80822e-03
7.41000e+02,2.73415e-03
7.42000e+02,2.36921e-03
7.43000e+02,2.90766e-03
7.44000e+02,1.48087e-03
7.45000e+02,1.14396e-03
7.46000e+02,7.98157e-04
7.47000e+02,0.00000e+00
7.48000e+02,1.98069e-03
7.49000e+02,1.25046e-03
7.50000e+02,2.78774e-03
7.51000e+02,2.13082e-03
7.52000e+02,2.76790e-03
7.53000e+02,2.41318e-03
7.54000e+02,3.05644e-03
7.55000e+02,4.35892e-03
7.56000e+02,4.55881e-03
7.57000e+02,4.17362e-03
7.58000e+02,1.17628e-03
7.59000e+02,1.75264e-03
7.60000e+02,0.00000e+00
7.61000e+02,1.92580e-03
7.62000e+02,3.78178e-04
7.63000e+02,1.37882e-03
7.64000e+02,5.70615e-05
7.65000e+02,1.26528e-03
7.66000e+02,1.12768e-03
7.67000e+02,3.06533e-03
7.68000e+02,4.73139e-03
7.69000e+02,4.92955e-03
7.70000e+02,3.74222e-03
7.71000e+02,2.18258e-03
7.72000e+02,1.99322e-03
7.73000e+02,2.93915e-03
7.74000e+02,2.83833e-03
7.75000e+02,3.73109e-03
7.76000e+02,2.94942e-03
7.77000e+02,3.53668e-03
7.78000e+02,2.74008e-03
7.79000e+02,2.12353e-03
7.80000e+02,1.86102e-03
7.81000e+02,6.66284e-04
7.82000e+02,6.69243e-04
7.83000e+02,6.20300e-04
7.84000e+02,7.57494e-04
7.85000e+02,2.78678e-03
7.86000e+02,4.53834e-03
7.87000e+02,4.32308e-03
7.88000e+02,2.78169e-03
7.89000e+02,2.79385e-03
7.90000e+02,2.67171e-03
7.91000e+02,3.33081e-03
7.92000e+02,1.12729e-03
7.93000e+02,2.04880e-03
7.94000e+02,2.20901e-03
7.95000e+02,2.78561e-03
7.96000e+02,3.23095e-03
7.97000e+02,3.16051e-03
7.98000e+02,1.70453e-03
7.99000e+02,1.13051e-03
8.00000e+02,1.20954e-03
8.01000e+02,3.66287e-03
8.02000e+02,3.90666e-03
8.03000e+02,4.31219e-03
8.04000e+02,2.86525e-03
8.05000e+02,2.67564e-03
8.06000e+02,1.77494e-03
8.07000e+02,0.00000e+00
8.08000e+02,0.00000e+00
8.09000e+02,4.73030e-04
8.10000e+02,2.37322e-03
8.11000e+02,4.80404e-03
8.12000e+02,4.89085e-03
8.13000e+02,2.47213e-03
8.14000e+02,2.32704e-03
8.15000e+02,9.33776e-04
8.16000e+02,1.76834e-03
8.17000e+02,7.29103e-04
8.18000e+02,1.75291e-03
8.19000e+02,0.00000e+00
8.20000e+02,9.59311e-04
8.21000e+02,1.40941e-03
8.22000e+02,1.98462e-03
8.23000e+02,3.24347e-03
8.24000e+02,3.70887e-03
8.25000e+02,3.33201e-03
8.26000e+02,3.13830e-03
8.27000e+02,2.27630e-03
8.28000e+02,4.34408e-03
8.29000e+02,4.76101e-03
8.30000e+02,5.34279e-03
8.31000e+02,2.61342e-03
8.32000e+02,1.22384e-03
8.33000e+02,1.00315e-03
8.34000e+02,1.95747e-03
8.35000e+02,1.89866e-03
8.36000e+02,2.50216e-03
8.37000e+02,2.24232e-03
8.38000e+02,4.07889e-04
8.39000e+02,2.62953e-03
8.40000e+02,2.30604e-03
8.41000e+02,2.85676e-03
8.42000e+02,1.28558e-03
8.43000e+02,1.80936e-03
8.44000e+02,1.16276e-03
8.45000e+02,3.35749e-03
8.46000e+02,1.68876e-03
8.47000e+02,3.57854e-03
8.48000e+02,2.36476e-03
8.49000e+02,2.29552e-03
8.50000e+02,2.69946e-03
8.51000e+02,3.44226e-03
8.52000e+02,4.02649e-03
8.53000e+02,3.95613e-03
8.54000e+02,2.78887e-03
8.55000e+02,1.55155e-03
8.56000e+02,2.63373e-03
8.57000e+02,2.96529e-03
8.58000e+02,3.77611e-03
8.59000e+02,5.05703e-03
8.60000e+02,5.29947e-03
8.61000e+02,3.59292e-03
8.62000e+02,4.12043e-03
8.63000e+02,1.97162e-03
8.64000e+02,2.28879e-03
8.65000e+02,2.16051e-03
8.66000e+02,3.33266e-03
8.67000e+02,2.85672e-03
8.68000e+02,2.47310e-03
8.69000e+02,3.06080e-03
8.70000e+02,3.47633e-03
8.71000e+02,3.89199e-03
8.72000e+02,4.92725e-03
8.73000e+02,6.16098e-03
8.74000e+02,4.16607e-03
8.75000e+02,3.38315e-03
8.76000e+02,2.47541e-03
8.77000e+02,2.39785e-03
8.78000e+02,2.63165e-03
8.79000e+02,3.08526e-03
8.80000e+02,2.82788e-03
8.81000e+02,2.85844e-03
8.82000e+02,3.25735e-03
8.83000e+02,3.11310e-03
8.84000e+02,2.41044e-03
8.85000e+02,2.94382e-03
8.86000e+02,1.93309e-03
8.87000e+02,3.17159e-03
8.88000e+02,3.14365e-03
8.89000e+02,3.58879e-03
8.90000e+02,2.94754e-03
8.91000e+02,2.97468e-03
8.92000e+02,0.00000e+00
8.93000e+02,5.44784e-04
8.94000e+02,1.44167e-03
8.95000e+02,3.13194e-03
8.96000e+02,2.01457e-03
8.97000e+02,9.70470e-04
8.98000e+02,1.15654e-03
8.99000e+02,8.45390e-04
9.00000e+02,0.00000e+00
9.01000e+02,7.32433e-04
9.02000e+02,0.00000e+00
9.03000e+02,1.79389e-03
9.04000e+02,2.24190e-03
9.05000e+02,2.08858e-03
9.06000e+02,3.11631e-03
9.07000e+02,2.25496e-03
9.08000e+02,2.62044e-03
9.09000e+02,2.68684e-03
9.10000e+02,3.19574e-03
9.11000e+02,1.80335e-03
9.12000e+02,7.22044e-05
9.13000e+02,0.00000e+00
9.14000e+02,1.41034e-03
9.15000e+02,2.62108e-03
9.16000e+02,2.77585e-03
9.17000e+02,1.13309e-03
9.18000e+02,9.58233e-04
9.19000e+02,2.36724e-03
9.20000e+02,3.26658e-03
9.21000e+02,3.64709e-03
9.22000e+02,4.56774e-03
9.23000e+02,4.49045e-03
9.24000e+02,6.67757e-03
9.25000e+02,4.63793e-03
9.26000e+02,4.44867e-03
9.27000e+02,2.79048e-03
9.28000e+02,4.62660e-03
9.29000e+02,1.35494e-03
9.30000e+02,3.49379e-03
9.31000e+02,3.90466e-03
9.32000e+02,4.42210e-03
9.33000e+02,3.11782e-03
9.34000e+02,4.44352e-03
9.35000e+02,3.90076e-03
9.36000e+02,2.56590e-03
9.37000e+02,1.34087e-03
9.38000e+02,4.11371e-03
9.39000e+02,5.38200e-03
9.40000e+02,6.68691e-03
9.41000e+02,5.04377e-03
9.42000e+02,3.25718e-03
9.43000e+02,2.31594e-03
9.44000e+02,2.44893e-03
9.45000e+02,2.31641e-03
9.46000e+02,3.24286e-03
9.47000e+02,2.18158e-03
9.48000e+02,1.95444e-03
9.49000e+02,2.42616e-03
9.50000e+02,1.88163e-03
9.51000e+02,3.15292e-03
9.52000e+02,3.09995e-03
9.53000e+02,4.75004e-03
9.54000e+02,3.21722e-03
9.55000e+02,3.48496e-03
9.56000e+02,1.23192e-03
9.57000e+02,1.56376e-03
9.58000e+02,2.11228e-03
9.59000e+02,1.52566e-03
9.60000e+02,9.45158e-04
9.61000e+02,0.00000e+00
9.62000e+02,1.99893e-04
9.63000e+02,2.81627e-03
9.64000e+02,4.53306e-03
9.65000e+02,4.01878e-03
9.66000e+02,4.11792e-03
9.67000e+02,2.56630e-03
9.68000e+02,2.72681e-03
9.69000e+02,3.69925e-03
9.70000e+02,2.09598e-03
9.71000e+02,1.59441e-03
9.72000e+02,1.75814e-03
9.73000e+02,1.54956e-03
9.74000e+02,1.67667e-03
9.75000e+02,1.74276e-03
9.76000e+02,6.03380e-04
9.77000e+02,1.22184e-03
9.78000e+02,2.00205e-03
9.79000e+02,4.28375e-03
9.80000e+02,2.32956e-03
9.81000e+02,7.20228e-04
9.82000e+02,7.58865e-04
9.83000e+02,2.48382e-03
9.84000e+02,3.02621e-03
9.85000e+02,3.47819e-03
9.86000e+02,2.11912e-03
9.87000e+02,2.90851e-03
9.88000e+02,1.57686e-03
9.89000e+02,1.26448e-03
9.90000e+02,1.46477e-03
9.91000e+02,1.73827e-03
9.92000e+02,1.20300e-03
9.93000e+02,2.56591e-03
9.94000e+02,3.20245e-03
9.95000e+02,2.46163e-03
9.96000e+02,4.99570e-03
9.97000e+02,2.91913e-03
9.98000e+02,4.01645e-03
9.99000e+02,2.96833e-03
1.00000e+03,1.96290e-03
1.00100e+03,1.76921e-03
1.00200e+03,2.01494e-03
1.00300e+03,1.80604e-03
1.00400e+03,5.28962e-04
1.00500e+03,2.07059e-04
1.00600e+03,1.53308e-03
1.00700e+03,2.43791e-03
1.00800e+03,3.55937e-03
1.00900e+03,4.39086e-03
1.01000e+03,3.98326e-03
1.01100e+03,6.38022e-03
1.01200e+03,4.16584e-03
1.01300e+03,2.67774e-03
1.01400e+03,7.62348e-04
1.01500e+03,0.00000e+00
1.01600e+03,2.77714e-04
1.01700e+03,0.00000e+00
1.01800e+03,4.40362e-03
1.01900e+03,3.81155e-03
1.02000e+03,3.18877e-03
1.02100e+03,1.99524e-03
1.02200e+03,3.11491e-03
1.02300e+03,2.49192e-03
1.02400e+03,1.74070e-03
1.02500e+03,2.49699e-03
1.02600e+03,2.34378e-03
1.02700e+03,4.04904e-03
1.02800e+03,3.31579e-03
1.02900e+03,3.79126e-03
1.03000e+03,3.46427e-03
1.03100e+03,2.75268e-03
1.03200e+03,2.40113e-03
1.03300e+03,3.58455e-03
1.03400e+03,1.80053e-03
1.03500e+03,3.59720e-03
1.03600e+03,2.65327e-03
1.03700e+03,2.02055e-03
1.03800e+03,1.43961e-03
1.03900e+03,3.21764e-03
1.04000e+03,3.90609e-03
1.04100e+03,4.34114e-03
1.04200e+03,3.46384e-03
1.04300e+03,2.36672e-03
1.04400e+03,7.35637e-04
1.04500e+03,5.15590e-04
1.04600e+03,4.16368e-04
1.04700e+03,1.03423e-03
1.04800e+03,0.00000e+00
1.04900e+03,7.35931e-04
1.05000e+03,1.38990e-03
1.05100e+03,2.51568e-03
1.05200e+03,2.75157e-03
1.05300e+03,4.53467e-03
1.05400e+03,2.58535e-03
1.05500e+03,2.72646e-03
1.05600e+03,2.51961e-03
1.05700e+03,3.00546e-03
1.05800e+03,2.83513e-03
1.05900e+03,1.53252e-03
1.06000e+03,0.00000e+00
1.06100e+03,0.00000e+00
1.06200e+03,2.22634e-03
1.06300e+03,4.22237e-03
1.06400e+03,3.29162e-03
1.06500e+03,7.64730e-04
1.06600e+03,0.00000e+00
1.06700e+03,6.08817e-04
1.06800e+03,2.00627e-03
1.06900e+03,1.70065e-03
1.07000e+03,3.07653e-03
1.07100e+03,9.42802e-04
1.07200e+03,3.33486e-03
1.07300e+03,3.00162e-03
1.07400e+03,3.83109e-03
1.07500e+03,1.90131e-03
1.07600e+03,1.17874e-03
1.07700e+03,0.00000e+00
1.07800e+03,1.44585e-03
1.07900e+03,1.43592e-03
1.08000e+03,1.54496e-03
1.08100e+03,2.12701e-03
1.08200e+03,2.17741e-03
1.08300e+03,2.63468e-03
1.08400e+03,3.16835e-03
1.08500e+03,2.91466e-03
1.08600e+03,4.31503e-03
1.08700e+03,3.31059e-03
1.08800e+03,3.91139e-03
1.08900e+03,2.35458e-03
1.09000e+03,2.41218e-03
1.09100e+03,1.71905e-03
1.09200e+03,1.81635e-03
1.09300e+03,3.11913e-03
1.09400e+03,3.22900e-03
1.09500e+03,4.04989e-03
1.09600e+03,1.01920e-03
1.09700e+03,1.75447e-03
1.09800e+03,3.04692e-04
1.09900e+03,7.22669e-04
1.10000e+03,1.99011e-03
1.10100e+03,4.91678e-03
1.10200e+03,6.80285e-03
1.10300e+03,4.86202e-03
1.10400e+03,1.91417e-03
1.10500e+03,1.42615e-03
1.10600e+03,3.06491e-04
1.10700e+03,0.00000e+00
1.10800e+03,6.69871e-04
1.10900e+03,2.95052e-03
1.11000e+03,4.33939e-03
1.11100e+03,3.44748e-03
1.11200e+03,4.34825e-03
1.11300e+03,2.52082e-03
1.11400e+03,2.85722e-03
1.11500e+03,8.22555e-04
1.11600e+03,2.15720e-03
1.11700e+03,2.79004e-03
1.11800e+03,7.25216e-04
1.11900e+03,8.70026e-04
1.12000e+03,2.21738e-03
1.12100e+03,2.62492e-03
1.12200e+03,3.45069e-03
1.12300e+03,1.89925e-03
1.12400e+03,2.73753e-03
1.12500e+03,1.94935e-03
1.12600e+03,1.27733e-03
1.12700e+03,3.86485e-03
1.12800e+03,5.00603e-03
1.12900e+03,3.71508e-03
1.13000e+03,2.72339e-03
1.13100e+03,2.12251e-03
1.13200e+03,2.84934e-03
1.13300e+03,8.08504e-04
1.13400e+03,1.20931e-03
1.13500e+03,1.28376e-03
1.13600e+03,9.80232e-05
1.13700e+03,6.73380e-04
1.13800e+03,2.47272e-03
1.13900e+03,3.27128e-03
1.14000e+03,1.70490e-03
1.14100e+03,3.63345e-03
1.14200e+03,3.91858e-03
1.14300e+03,4.30603e-03
1.14400e+03,2.40182e-03
1.14500e+03,2.44186e-03
1.14600e+03,1.66729e-03
1.14700e+03,2.30900e-03
1.14800e+03,2.56214e-04
1.14900e+03,3.50465e-03
1.15000e+03,3.85716e-03
1.15100e+03,2.92817e-03
1.15200e+03,1.56301e-03
1.15300e+03,1.65992e-03
1.15400e+03,3.40510e-03
1.15500e+03,2.52293e-03
1.15600e+03,1.81192e-03
1.15700e+03,2.88836e-03
1.15800e+03,3.95705e-03
1.15900e+03,4.27220e-03
1.16000e+03,2.79314e-03
1.16100e+03,2.40077e-03
1.16200e+03,2.70751e-03
1.16300e+03,1.94056e-03
1.16400e+03,2.26959e-03
1.16500e+03,1.28354e-03
1.16600e+03,1.93350e-03
1.16700e+03,1.67121e-03
1.16800e+03,2.92896e-03
1.16900e+03,1.68752e-03
1.17000e+03,1.29168e-03
1.17100e+03,2.27853e-03
1.17200e+03,3.06726e-03
1.17300e+03,4.21938e-03
1.17400e+03,2.63446e-03
1.17500e+03,1.37938e-03
1.17600e+03,8.50859e-04
1.17700e+03,2.22994e-03
1.17800e+03,2.85239e-03
1.17900e+03,3.59102e-03
1.18000e+03,3.47537e-03
1.18100e+03,3.45758e-03
1.18200e+03,3.56223e-03
1.18300e+03,1.99165e-03
1.18400e+03,2.48123e-03
1.18500e+03,8.72256e-05
1.18600e+03,2.82331e-03
1.18700e+03,2.56271e-03
1.18800e+03,2.17106e-03
1.18900e+03,0.00000e+00
1.19000e+03,8.72474e-04
1.19100e+03,4.87393e-04
1.19200e+03,1.77177e-03
1.19300e+03,8.71209e-04
1.19400e+03,3.83471e-03
1.19500e+03,2.92757e-03
1.19600e+03,1.85042e-03
1.19700e+03,1.75302e-03
1.19800e+03,2.76963e-03
1.19900e+03,2.79147e-03
1.20000e+03,1.45234e-03
1.20100e+03,1.56599e-03
1.20200e+03,2.25860e-05
1.20300e+03,7.77281e-04
1.20400e+03,1.06820e-03
1.20500e+03,5.29120e-04
1.20600e+03,2.30948e-03
1.20700e+03,1.75527e-03
1.20800e+03,3.45949e-03
1.20900e+03,5.00511e-03
1.21000e+03,3.01675e-03
1.21100e+03,2.71303e-03
1.21200e+03,3.95051e-03
1.21300e+03,5.29044e-03
1.21400e+03,5.98473e-03
1.21500e+03,3.41969e-03
1.21600e+03,3.29723e-04
1.21700e+03,0.00000e+00
1.21800e+03,1.06806e-03
1.21900e+03,2.38488e-03
1.22000e+03,5.35573e-03
1.22100e+03,4.05405e-03
1.22200e+03,4.37593e-03
1.22300e+03,3.17301e-03
1.22400e+03,1.75515e-03
1.22500e+03,5.05002e-04
1.22600e+03,0.00000e+00
1.22700e+03,6.37827e-04
1.22800e+03,6.35532e-04
1.22900e+03,2.59504e-03
1.23000e+03,4.22164e-03
1.23100e+03,3.32420e-03
1.23200e+03,3.80839e-03
1.23300e+03,3.23717e-03
1.23400e+03,3.26697e-03
1.23500e+03,3.51936e-03
1.23600e+03,3.76191e-03
1.23700e+03,4.77029e-03
1.23800e+03,4.03868e-03
1.23900e+03,2.12158e-03
1.24000e+03,3.83011e-03
1.24100e+03,2.88746e-03
1.24200e+03,4.23346e-03
1.24300e+03,1.10225e-03
1.24400e+03,1.41617e-03
1.24500e+03,0.00000e+00
1.24600e+03,1.19686e-03
1.24700e+03,2.45823e-03
1.24800e+03,4.25584e-03
1.24900e+03,1.85557e-03
1.25000e+03,6.23929e-04
1.25100e+03,2.07414e-04
1.25200e+03,1.78132e-03
1.25300e+03,2.18366e-03
1.25400e+03,4.69172e-03
1.25500e+03,4.16541e-03
1.25600e+03,4.96145e-03
1.25700e+03,3.87504e-03
1.25800e+03,2.77995e-03
1.25900e+03,1.16966e-03
1.26000e+03,1.79001e-03
1.26100e+03,6.02617e-04
1.26200e+03,8.26470e-04
1.26300e+03,0.00000e+00
1.26400e+03,1.83108e-05
1.26500e+03,1.23843e-03
1.26600e+03,2.47546e-03
1.26700e+03,2.02437e-03
1.26800e+03,3.10009e-03
1.26900e+03,2.16772e-03
1.27000e+03,2.23918e-03
1.27100e+03,2.22194e-03
1.27200e+03,3.54730e-03
1.27300e+03,2.69350e-03
1.27400e+03,1.58923e-03
1.27500e+03,2.98568e-04
1.27600e+03,1.34240e-03
1.27700e+03,1.38507e-03
1.27800e+03,8.66041e-04
1.27900e+03,1.35529e-03
1.28000e+03,0.00000e+00
1.28100e+03,2.79240e-04
1.28200e+03,0.00000e+00
1.28300e+03,1.04580e-03
1.28400e+03,3.00669e-03
1.28500e+03,4.48819e-03
1.28600e+03,3.35109e-03
1.28700e+03,4.15480e-03
1.28800e+03,2.48639e-03
1.28900e+03,2.46282e-03
1.29000e+03,2.09439e-03
1.29100e+03,1.71679e-03
1.29200e+03,1.77252e-03
1.29300e+03,2.24642e-03
1.29400e+03,4.17291e-03
1.29500e+03,4.34151e-03
1.29600e+03,3.90584e-03
1.29700e+03,4.27587e-03
1.29800e+03,4.68627e-03
1.29900e+03,4.08584e-03
1.30000e+03,3.65025e-03
1.30100e+03,4.30723e-03
1.30200e+03,2.75471e-03
1.30300e+03,4.35469e-03
1.30400e+03,2.78079e-03
1.30500e+03,4.95756e-03
1.30600e+03,3.37146e-03
1.30700e+03,3.12851e-03
1.30800e+03,2.55927e-03
1.30900e+03,3.30245e-03
1.31000e+03,2.19931e-03
1.31100e+03,2.43898e-03
1.31200e+03,3.00235e-03
1.31300e+03,1.42339e-03
1.31400e+03,1.21347e-03
1.31500e+03,0.00000e+00
1.31600e+03,8.32347e-04
1.31700e+03,2.39078e-03
1.31800e+03,2.51185e-03
1.31900e+03,3.37458e-03
1.32000e+03,2.71758e-03
1.32100e+03,2.52758e-03
1.32200e+03,1.80359e-03
1.32300e+03,1.52525e-03
1.32400e+03,1.69254e-03
1.32500e+03,2.49774e-03
1.32600e+03,4.78619e-03
1.32700e+03,5.86011e-03
1.32800e+03,3.81211e-03
1.32900e+03,3.55256e-03
1.33000e+03,2.45693e-03
1.33100e+03,3.89138e-03
1.33200e+03,1.60880e-03
1.33300e+03,2.13702e-03
1.33400e+03,1.31643e-03
1.33500e+03,1.00862e-03
1.33600e+03,1.21055e-03
1.33700e+03,3.03917e-03
1.33800e+03,5.24986e-03
1.33900e+03,3.83179e-03
1.34000e+03,3.25987e-03
1.34100e+03,2.98915e-03
1.34200e+03,3.48754e-03
1.34300e+03,2.72864e-03
1.34400e+03,2.56488e-03
1.34500e+03,1.35135e-03
1.34600e+03,3.08590e-03
1.34700e+03,1.68035e-03
1.34800e+03,1.61162e-03
1.34900e+03,1.40954e-03
1.35000e+03,2.13766e-03
1.35100e+03,3.08250e-03
1.35200e+03,1.88807e-03
1.35300e+03,1.66414e-03
1.35400e+03,4.01596e-03
1.35500e+03,3.66087e-03
1.35600e+03,3.19595e-03
1.35700e+03,4.05858e-03
1.35800e+03,4.21628e-03
1.35900e+03,3.93149e-03
1.36000e+03,4.78948e-04
1.36100e+03,4.53606e-04
1.36200e+03,2.58286e-03
1.36300e+03,2.27068e-03
1.36400e+03,1.37868e-03
1.36500e+03,1.60061e-03
1.36600e+03,3.07074e-03
1.36700e+03,2.48396e-03
1.36800e+03,1.91246e-03
1.36900e+03,7.42812e-04
1.37000e+03,0.00000e+00
1.37100e+03,3.89105e-04
1.37200e+03,7.68673e-04
1.37300e+03,1.06419e-03
1.37400e+03,2.87488e-03
1.37500e+03,3.08631e-03
1.37600e+03,3.83790e-03
1.37700e+03,3.42071e-03
1.37800e+03,2.34739e-03
1.37900e+03,2.63211e-03
1.38000e+03,2.27595e-03
1.38100e+03,2.44775e-03
1.38200e+03,2.20862e-04
1.38300e+03,8.32148e-04
1.38400e+03,5.06522e-04
1.38500e+03,3.10147e-03
1.38600e+03,2.64460e-03
1.38700e+03,3.68312e-03
1.38800e+03,2.59147e-03
1.38900e+03,3.76120e-03
1.39000e+03,2.94115e-03
1.39100e+03,2.40186e-03
1.39200e+03,5.07565e-04
1.39300e+03,1.89093e-03
1.39400e+03,4.01588e-03
1.39500e+03,4.71580e-03
1.39600e+03,3.11156e-03
1.39700e+03,1.15027e-03
1.39800e+03,1.63652e-03
1.39900e+03,2.98643e-03
1.40000e+03,2.15125e-03
1.40100e+03,1.15738e-03
1.40200e+03,6.94519e-04
1.40300e+03,7.26062e-04
1.40400e+03,2.28606e-03
1.40500e+03,2.47606e-03
1.40600e+03,1.36226e-03
1.40700e+03,3.31906e-04
1.40800e+03,7.17629e-04
1.40900e+03,2.61404e-03
1.41000e+03,2.91746e-03
1.41100e+03,8.22210e-04
1.41200e+03,6.83216e-04
1.41300e+03,1.91453e-03
1.41400e+03,3.99430e-03
1.41500e+03,4.13317e-03
1.41600e+03,3.07884e-03
1.41700e+03,1.21584e-03
1.41800e+03,6.80816e-04
1.41900e+03,1.31125e-03
1.42000e+03,2.61314e-03
1.42100e+03,2.20303e-03
1.42200e+03,2.04017e-03
1.42300e+03,2.70747e-03
1.42400e+03,2.40605e-03
1.42500e+03,2.10300e-03
1.42600e+03,2.13928e-03
1.42700e+03,1.25327e-05
1.42800e+03,7.96119e-04
1.42900e+03,1.02739e-03
1.43000e+03,5.29348e-04
1.43100e+03,2.52638e-05
1.43200e+03,1.21805e-03
1.43300e+03,3.02431e-03
1.43400e+03,3.13994e-03
1.43500e+03,1.82130e-03
1.43600e+03,3.34395e-03
1.43700e+03,3.77279e-03
1.43800e+03,3.96578e-03
1.43900e+03,2.41638e-03
1.44000e+03,0.00000e+00
1.44100e+03,1.89958e-03
1.44200e+03,2.82535e-03
1.44300e+03,3.44597e-03
1.44400e+03,5.18057e-03
1.44500e+03,3.08828e-03
1.44600e+03,3.88307e-03
1.44700e+03,3.14593e-03
1.44800e+03,2.60112e-03
1.44900e+03,2.26390e-03
1.45000e+03,0.00000e+00
1.45100e+03,3.04865e-04
1.45200e+03,4.72014e-05
1.45300e+03,2.21279e-03
1.45400e+03,9.57369e-04
1.45500e+03,2.61649e-03
1.45600e+03,0.00000e+00
1.45700e+03,2.46360e-04
1.45800e+03,0.00000e+00
1.45900e+03,3.28069e-04
1.46000e+03,4.34527e-03
1.46100e+03,4.00554e-03
1.46200e+03,3.66286e-03
1.46300e+03,3.60406e-03
1.46400e+03,3.99395e-03
1.46500e+03,4.50902e-03
1.46600e+03,2.15241e-03
1.46700e+03,4.00161e-05
1.46800e+03,8.00371e-04
1.46900e+03,0.00000e+00
1.47000e+03,1.06395e-03
1.47100e+03,4.19671e-04
1.47200e+03,1.82629e-03
1.47300e+03,1.76504e-03
1.47400e+03,2.92762e-03
1.47500e+03,2.12793e-03
1.47600e+03,2.29572e-03
1.47700e+03,1.11465e-03
1.47800e+03,1.12383e-03
1.47900e+03,1.34058e-03
1.48000e+03,3.31520e-03
1.48100e+03,4.64288e-03
1.48200e+03,4.27380e-03
1.48300e+03,3.10822e-03
1.48400e+03,3.28536e-03
1.48500e+03,4.05469e-03
1.48600e+03,4.01226e-03
1.48700e+03,3.77760e-03
1.48800e+03,2.14541e-03
1.48900e+03,2.07577e-03
1.49000e+03,1.92511e-03
1.49100e+03,2.56353e-03
1.49200e+03,2.66739e-03
1.49300e+03,3.48475e-03
1.49400e+03,2.79570e-03
1.49500e+03,4.52370e-03
1.49600e+03,3.48068e-03
1.49700e+03,2.61468e-03
1.49800e+03,1.30314e-03
1.49900e+03,1.40764e-03
1.50000e+03,0.00000e+00
1.50100e+03,1.00710e-04
1.50200e+03,2.57077e-03
1.50300e+03,3.22099e-03
1.50400e+03,1.84266e-03
1.50500e+03,1.28829e-03
1.50600e+03,1.99734e-03
1.50700e+03,2.24560e-03
1.50800e+03,3.05840e-03
1.50900e+03,4.13971e-03
1.51000e+03,3.75610e-03
1.51100e+03,3.14355e-03
1.51200e+03,3.35184e-03
1.51300e+03,1.90898e-03
1.51400e+03,1.76611e-03
1.51500e+03,6.09951e-04
1.51600e+03,0.00000e+00
1.51700e+03,9.09873e-04
1.51800e+03,2.25005e-03
1.51900e+03,1.55684e-03
1.52000e+03,2.46672e-03
1.52100e+03,3.73652e-03
1.52200e+03,3.89236e-03
1.52300e+03,3.03503e-03
1.52400e+03,1.35677e-03
1.52500e+03,3.41094e-03
1.52600e+03,2.88942e-03
1.52700e+03,2.33750e-03
1.52800e+03,2.33173e-03
1.52900e+03,2.67068e-03
1.53000e+03,3.32661e-03
1.53100e+03,2.61777e-03
1.53200e+03,2.64643e-03
1.53300e+03,5.53086e-04
1.53400e+03,3.89113e-04
1.53500e+03,0.00000e+00
1.53600e+03,1.83394e-03
1.53700e+03,2.34177e-03
1.53800e+03,3.55756e-03
1.53900e+03,4.20871e-03
1.54000e+03,2.38120e-03
1.54100e+03,1.17851e-03
1.54200e+03,3.57343e-03
1.54300e+03,4.07004e-03
1.54400e+03,6.77127e-03
1.54500e+03,5.69507e-03
1.54600e+03,4.52363e-03
1.54700e+03,4.00287e-03
1.54800e+03,2.16530e-03
1.54900e+03,3.09367e-04
1.55000e+03,5.33147e-04
1.55100e+03,0.00000e+00
1.55200e+03,1.54517e-03
1.55300e+03,2.81492e-03
1.55400e+03,3.59247e-03
1.55500e+03,2.07080e-03
1.55600e+03,2.69703e-03
1.55700e+03,3.22389e-03
1.55800e+03,3.77113e-03
1.55900e+03,2.84332e-03
1.56000e+03,3.50729e-03
1.56100e+03,3.05319e-03
1.56200e+03,3.10407e-03
1.56300e+03,0.00000e+00
1.56400e+03,0.00000e+00
1.56500e+03,1.22530e-03
1.56600e+03,2.34633e-03
1.56700e+03,2.72844e-03
1.56800e+03,0.00000e+00
1.56900e+03,9.19735e-04
1.57000e+03,3.64670e-04
1.57100e+03,2.69627e-03
1.57200e+03,2.77834e-03
1.57300e+03,4.51415e-03
1.57400e+03,5.14182e-03
1.57500e+03,4.69188e-03
1.57600e+03,2.69743e-03
1.57700e+03,1.85929e-03
1.57800e+03,4.66474e-03
1.57900e+03,6.27974e-03
1.58000e+03,5.35842e-03
1.58100e+03,2.76442e-03
1.58200e+03,2.65429e-03
1.58300e+03,3.84388e-03
1.58400e+03,4.82558e-03
1.58500e+03,4.27270e-03
1.58600e+03,4.40218e-03
1.58700e+03,1.62313e-03
1.58800e+03,2.52733e-03
1.58900e+03,3.35488e-03
1.59000e+03,4.94505e-03
1.59100e+03,3.31829e-03
1.59200e+03,3.71760e-03
1.59300e+03,4.29955e-03
1.59400e+03,3.97492e-03
1.59500e+03,3.77218e-03
1.59600e+03,3.52376e-03
1.59700e+03,4.26140e-03
1.59800e+03,5.88176e-03
1.59900e+03,4.18553e-03
1.60000e+03,4.96856e-03
1.60100e+03,3.56309e-03
1.60200e+03,3.09200e-03
1.60300e+03,2.49767e-03
1.60400e+03,4.62557e-03
1.60500e+03,4.87971e-03
1.60600e+03,3.76058e-03
1.60700e+03,1.54592e-03
1.60800e+03,1.76970e-03
1.60900e+03,1.73111e-03
1.61000e+03,1.93064e-03
1.61100e+03,4.60917e-04
1.61200e+03,9.32238e-04
1.61300e+03,1.60203e-03
1.61400e+03,8.80302e-04
1.61500e+03,5.12703e-04
1.61600e+03,4.80925e-04
1.61700e+03,3.22642e-03
1.61800e+03,3.60403e-03
1.61900e+03,4.96448e-03
1.62000e+03,5.10435e-03
1.62100e+03,4.07554e-03
1.62200e+03,2.86989e-03
1.62300e+03,2.56777e-03
1.62400e+03,3.78264e-03
1.62500e+03,2.71547e-03
1.62600e+03,9.95817e-04
1.62700e+03,1.22050e-03
1.62800e+03,1.51866e-03
1.62900e+03,2.69595e-03
1.63000e+03,2.06400e-03
1.63100e+03,1.19757e-03
1.63200e+03,2.71182e-03
1.63300e+03,2.58750e-03
1.63400e+03,1.47769e-03
1.63500e+03,1.82074e-03
1.63600e+03,1.52002e-03
1.63700e+03,9.26483e-04
1.63800e+03,4.55178e-04
1.63900e+03,2.12914e-04
1.64000e+03,1.24951e-03
1.64100e+03,1.60875e-03
1.64200e+03,1.62023e-03
1.64300e+03,7.52931e-04
1.64400e+03,2.30890e-03
1.64500e+03,2.59850e-03
1.64600e+03,2.52202e-03
1.64700e+03,2.55247e-03
1.64800e+03,2.17104e-03
1.64900e+03,1.73174e-03
1.65000e+03,1.85407e-03
1.65100e+03,2.76998e-03
1.65200e+03,3.08783e-03
1.65300e+03,4.45558e-03
1.65400e+03,3.49256e-03
1.65500e+03,4.87164e-03
1.65600e+03,2.62831e-03
1.65700e+03,4.73390e-03
1.65800e+03,5.01794e-03
1.65900e+03,5.09472e-03
1.66000e+03,3.99997e-03
1.66100e+03,3.84516e-03
1.66200e+03,5.28334e-03
1.66300e+03,3.09898e-03
1.66400e+03,4.04876e-03
1.66500e+03,3.85708e-03
1.66600e+03,4.75788e-03
1.66700e+03,4.80104e-03
1.66800e+03,3.56845e-03
1.66900e+03,1.95428e-03
1.67000e+03,1.34099e-03
1.67100e+03,2.98593e-03
1.67200e+03,1.37445e-03
1.67300e+03,2.22260e-03
1.67400e+03,2.37173e-03
1.67500e+03,2.49324e-03
1.67600e+03,1.71430e-03
1.67700e+03,3.44988e-03
1.67800e+03,4.53829e-03
1.67900e+03,4.60120e-03
1.68000e+03,2.47888e-03
1.68100e+03,2.75207e-03
1.68200e+03,1.10854e-03
1.68300e+03,1.44846e-03
1.68400e+03,6.13219e-04
1.68500e+03,6.29190e-04
1.68600e+03,1.58735e-03
1.68700e+03,5.80987e-04
1.68800e+03,0.00000e+00
1.68900e+03,3.84527e-04
1.69000e+03,1.26040e-03
1.69100e+03,3.35052e-03
1.69200e+03,2.86139e-03
1.69300e+03,1.98490e-03
1.69400e+03,1.59638e-03
1.69500e+03,1.43036e-03
1.69600e+03,3.07683e-03
1.69700e+03,4.39352e-03
1.69800e+03,5.80536e-03
1.69900e+03,5.92919e-03
1.70000e+03,5.90918e-03
1.70100e+03,4.94880e-03
1.70200e+03,4.32371e-03
1.70300e+03,3.59140e-03
1.70400e+03,1.58302e-03
1.70500e+03,2.11944e-03
1.70600e+03,3.81208e-03
1.70700e+03,4.85733e-03
1.70800e+03,4.87982e-03
1.70900e+03,2.53980e-03
1.71000e+03,1.36184e-03
1.71100e+03,3.85913e-03
1.71200e+03,3.16024e-03
1.71300e+03,2.80537e-03
1.71400e+03,1.17660e-03
1.71500e+03,2.05134e-03
1.71600e+03,2.33340e-03
1.71700e+03,1.39896e-04
1.71800e+03,1.40961e-03
1.71900e+03,1.43944e-03
1.72000e+03,1.16604e-03
1.72100e+03,9.23372e-04
1.72200e+03,5.43066e-04
1.72300e+03,2.93958e-03
1.72400e+03,3.06801e-03
1.72500e+03,2.60388e-03
1.72600e+03,1.05271e-03
1.72700e+03,7.67797e-04
1.72800e+03,3.61991e-03
1.72900e+03,2.88898e-03
1.73000e+03,2.88416e-03
1.73100e+03,1.34100e-03
1.73200e+03,2.58696e-03
1.73300e+03,3.28032e-03
1.73400e+03,2.75579e-03
1.73500e+03,2.64914e-03
1.73600e+03,4.24212e-03
1.73700e+03,3.86039e-03
1.73800e+03,6.24033e-03
1.73900e+03,5.03420e-03
1.74000e+03,3.95605e-03
1.74100e+03,1.98294e-03
1.74200e+03,0.00000e+00
1.74300e+03,3.50958e-04
1.74400e+03,2.28650e-03
1.74500e+03,3.85915e-03
1.74600e+03,3.75002e-03
1.74700e+03,3.60405e-03
1.74800e+03,4.78237e-03
1.74900e+03,5.47528e-03
1.75000e+03,5.13042e-03
1.75100e+03,3.24120e-03
1.75200e+03,2.35893e-03
1.75300e+03,2.37986e-03
1.75400e+03,3.33152e-03
1.75500e+03,4.27134e-03
1.75600e+03,3.69468e-03
1.75700e+03,2.31844e-03
1.75800e+03,7.49836e-04
1.75900e+03,1.98876e-03
1.76000e+03,2.37000e-03
1.76100e+03,2.26892e-03
1.76200e+03,1.22775e-03
1.76300e+03,2.69505e-03
1.76400e+03,2.62412e-03
1.76500e+03,2.68125e-03
1.76600e+03,2.96714e-03
1.76700e+03,4.54079e-03
1.76800e+03,4.01164e-03
1.76900e+03,3.00325e-03
1.77000e+03,2.44643e-03
1.77100e+03,1.68198e-03
1.77200e+03,9.90682e-04
1.77300e+03,0.00000e+00
1.77400e+03,7.75158e-04
1.77500e+03,2.59314e-03
1.77600e+03,2.18813e-03
1.77700e+03,1.11389e-03
1.77800e+03,9.70845e-04
1.77900e+03,2.20715e-03
1.78000e+03,1.96022e-03
1.78100e+03,3.40087e-03
1.78200e+03,4.20974e-03
1.78300e+03,4.01451e-03
1.78400e+03,4.38686e-03
1.78500e+03,4.92743e-04
1.78600e+03,1.52113e-03
1.78700e+03,2.60612e-04
1.78800e+03,1.82295e-03
1.78900e+03,2.38424e-03
1.79000e+03,1.76747e-03
1.79100e+03,2.00515e-03
1.79200e+03,2.34654e-03
1.79300e+03,3.01746e-03
1.79400e+03,4.11559e-03
1.79500e+03,3.76405e-03
1.79600e+03,7.14176e-03
1.79700e+03,5.50836e-03
1.79800e+03,5.62977e-03
1.79900e+03,3.05359e-03
1.80000e+03,2.01217e-03
1.80100e+03,6.62467e-04
1.80200e+03,3.28007e-03
1.80300e+03,2.80006e-03
1.80400e+03,3.68724e-03
1.80500e+03,3.20721e-03
1.80600e+03,3.54510e-03
1.80700e+03,1.75647e-03
1.80800e+03,1.29035e-04
1.80900e+03,1.40496e-04
1.81000e+03,7.92887e-04
1.81100e+03,2.15329e-03
1.81200e+03,3.87990e-03
1.81300e+03,4.49868e-03
1.81400e+03,5.27003e-03
1.81500e+03,4.55206e-03
1.81600e+03,3.56552e-03
1.81700e+03,2.54548e-03
1.81800e+03,1.89169e-03
1.81900e+03,2.29682e-03
1.82000e+03,3.44347e-03
1.82100e+03,4.11092e-03
1.82200e+03,1.18021e-03
1.82300e+03,2.10387e-03
1.82400e+03,1.58785e-04
1.82500e+03,1.74153e-03
1.82600e+03,2.52159e-03
1.82700e+03,2.95368e-03
1.82800e+03,3.84351e-03
1.82900e+03,1.42339e-03
1.83000e+03,1.94714e-03
1.83100e+03,0.00000e+00
1.83200e+03,7.84761e-04
1.83300e+03,2.03480e-03
1.83400e+03,4.01729e-03
1.83500e+03,3.96022e-03
1.83600e+03,1.20146e-03
1.83700e+03,2.89960e-04
1.83800e+03,1.60781e-03
1.83900e+03,2.59327e-03
1.84000e+03,1.63793e-03
1.84100e+03,6.15317e-04
1.84200e+03,4.68409e-04
1.84300e+03,1.01391e-03
1.84400e+03,2.36770e-03
1.84500e+03,3.15626e-03
1.84600e+03,3.04386e-03
1.84700e+03,3.47606e-03
1.84800e+03,2.87561e-03
1.84900e+03,3.65935e-03
1.85000e+03,2.78857e-03
1.85100e+03,2.98198e-03
1.85200e+03,1.96053e-03
1.85300e+03,1.54946e-03
1.85400e+03,2.25978e-04
1.85500e+03,1.02084e-03
1.85600e+03,1.72492e-03
1.85700e+03,1.24521e-03
1.85800e+03,1.50432e-04
1.85900e+03,1.36924e-04
1.86000e+03,5.33584e-04
1.86100e+03,0.00000e+00
1.86200e+03,2.82292e-04
1.86300e+03,2.11796e-03
1.86400e+03,3.46965e-03
1.86500e+03,5.11110e-03
1.86600e+03,2.45667e-03
1.86700e+03,0.00000e+00
1.86800e+03,6.25620e-05
1.86900e+03,0.00000e+00
1.87000e+03,1.29077e-03
1.87100e+03,6.98952e-04
1.87200e+03,2.50838e-03
1.87300e+03,1.47620e-03
1.87400e+03,2.06282e-03
1.87500e+03,1.18774e-03
1.87600e+03,1.27052e-03
1.87700e+03,1.54180e-03
1.87800e+03,8.79981e-04
1.87900e+03,0.00000e+00
1.88000e+03,0.00000e+00
1.88100e+03,9.46059e-05
1.88200e+03,1.12688e-03
1.88300e+03,5.14942e-04
1.88400e+03,1.18500e-03
1.88500e+03,1.66603e-03
1.88600e+03,2.32988e-03
1.88700e+03,1.21118e-03
1.88800e+03,1.19999e-03
1.88900e+03,1.53640e-03
1.89000e+03,1.55817e-03
1.89100e+03,2.89189e-03
1.89200e+03,1.81745e-03
1.89300e+03,1.91154e-03
1.89400e+03,3.37251e-03
1.89500e+03,3.20219e-03
1.89600e+03,3.05704e-03
1.89700e+03,2.63096e-03
1.89800e+03,1.85049e-03
1.89900e+03,1.46320e-03
1.90000e+03,2.33898e-03
1.90100e+03,3.21840e-03
1.90200e+03,3.25694e-03
1.90300e+03,3.58624e-03
1.90400e+03,5.36020e-03
1.90500e+03,4.15499e-03
1.90600e+03,3.23027e-03
1.90700e+03,7.88628e-04
1.90800e+03,9.04198e-04
1.90900e+03,8.51906e-04
1.91000e+03,1.66946e-03
1.91100e+03,2.38049e-03
1.91200e+03,2.71647e-03
1.91300e+03,3.65192e-03
1.91400e+03,3.47730e-03
1.91500e+03,1.36577e-03
1.91600e+03,1.78733e-03
1.91700e+03,2.04159e-03
1.91800e+03,1.67317e-03
1.91900e+03,4.41444e-03
1.92000e+03,5.44968e-03
1.92100e+03,5.68231e-03
1.92200e+03,4.17838e-03
1.92300e+03,4.10567e-03
1.92400e+03,2.64432e-03
1.92500e+03,1.55218e-03
1.92600e+03,1.29312e-03
1.92700e+03,1.22628e-03
1.92800e+03,2.74335e-03
1.92900e+03,3.89111e-03
1.93000e+03,3.89443e-03
1.93100e+03,4.98416e-03
1.93200e+03,1.97836e-03
1.93300e+03,2.44247e-03
1.93400e+03,0.00000e+00
1.93500e+03,3.23944e-03
1.93600e+03,1.41779e-03
1.93700e+03,1.58890e-03
1.93800e+03,7.65168e-04
1.93900e+03,1.89770e-03
1.94000e+03,3.74747e-03
1.94100e+03,3.62585e-03
1.94200e+03,2.00891e-03
1.94300e+03,3.39502e-03
1.94400e+03,3.71307e-03
1.94500e+03,5.45637e-03
1.94600e+03,3.49184e-03
1.94700e+03,3.55999e-03
1.94800e+03,3.30177e-03
1.94900e+03,4.52986e-03
1.95000e+03,4.73871e-03
1.95100e+03,3.45311e-03
1.95200e+03,3.37191e-03
1.95300e+03,2.29925e-03
1.95400e+03,2.92042e-03
1.95500e+03,4.96993e-03
1.95600e+03,4.73983e-03
1.95700e+03,3.73467e-03
1.95800e+03,4.60341e-03
1.95900e+03,3.67170e-03
1.96000e+03,2.83774e-03
1.96100e+03,2.99269e-03
1.96200e+03,6.84935e-04
1.96300e+03,6.81416e-04
1.96400e+03,3.98923e-03
1.96500e+03,5.33485e-03
1.96600e+03,6.32355e-03
1.96700e+03,5.03268e-03
1.96800e+03,4.51617e-03
1.96900e+03,4.75758e-03
1.97000e+03,5.72242e-03
1.97100e+03,5.52772e-03
1.97200e+03,4.61600e-03
1.97300e+03,2.74312e-03
1.97400e+03,2.53974e-03
1.97500e+03,2.88890e-03
1.97600e+03,3.50068e-03
1.97700e+03,3.66706e-03
1.97800e+03,2.63120e-03
1.97900e+03,2.76131e-03
1.98000e+03,3.49890e-03
1.98100e+03,3.44931e-03
1.98200e+03,3.45483e-03
1.98300e+03,0.00000e+00
1.98400e+03,0.00000e+00
1.98500e+03,2.95660e-03
1.98600e+03,6.37465e-03
1.98700e+03,5.75221e-03
1.98800e+03,5.09030e-03
1.98900e+03,4.85891e-03
1.99000e+03,4.60332e-03
1.99100e+03,4.03667e-03
1.99200e+03,4.26676e-03
1.99300e+03,4.62831e-03
1.99400e+03,3.18343e-03
1.99500e+03,4.31145e-03
1.99600e+03,4.33801e-03
1.99700e+03,5.37802e-03
1.99800e+03,3.88833e-03
1.99900e+03,2.74374e-03
2.00000e+03,2.04192e-03
2.00100e+03,4.15783e-04
2.00200e+03,1.32595e-03
2.00300e+03,1.02787e-03
2.00400e+03,3.36072e-03
2.00500e+03,2.67865e-03
2.00600e+03,3.79437e-03
2.00700e+03,3.19524e-03
2.00800e+03,5.13855e-03
2.00900e+03,5.63558e-03
2.01000e+03,3.80132e-03
2.01100e+03,2.80659e-03
2.01200e+03,2.44081e-03
2.01300e+03,3.63785e-03
2.01400e+03,2.19536e-03
2.01500e+03,1.98305e-03
2.01600e+03,2.75736e-04
2.01700e+03,3.61563e-03
2.01800e+03,4.13719e-03
2.01900e+03,4.97622e-03
2.02000e+03,1.70485e-03
2.02100e+03,1.96175e-03
2.02200e+03,2.22206e-03
2.02300e+03,4.60070e-03
2.02400e+03,3.14664e-03
2.02500e+03,3.78954e-03
2.02600e+03,1.44507e-03
2.02700e+03,3.29415e-03
2.02800e+03,2.44883e-03
2.02900e+03,3.06873e-03
2.03000e+03,2.05626e-03
2.03100e+03,2.46932e-03
2.03200e+03,3.19095e-03
2.03300e+03,3.78780e-03
2.03400e+03,3.53962e-03
2.03500e+03,2.46167e-03
2.03600e+03,2.63834e-03
2.03700e+03,2.06458e-03
2.03800e+03,4.53074e-03
2.03900e+03,3.90877e-03
2.04000e+03,5.21890e-03
2.04100e+03,5.79079e-03
2.04200e+03,4.79131e-03
2.04300e+03,2.70567e-03
2.04400e+03,2.33238e-03
2.04500e+03,7.99686e-04
2.04600e+03,2.52050e-03
2.04700e+03,2.84691e-03